00000.ppm;774;411;815;446;23
00001.ppm;1214;448;1275;467;139
00001.ppm;1213;466;1276;484;139
00001.ppm;1034;316;1088;371;108
00001.ppm;603;527;613;542;87
00001.ppm;983;388;1024;432;89
00001.ppm;386;494;442;552;86
00001.ppm;973;335;1031;390;34
00002.ppm;733;335;810;404;108
00002.ppm;23;205;174;248;139
00002.ppm;22;248;174;297;139
00002.ppm;26;294;177;340;139
00002.ppm;892;476;1006;592;87
00003.ppm;742;443;765;466;62
00003.ppm;742;466;764;489;53
00003.ppm;737;412;769;443;2
00004.ppm;898;342;967;409;2
00004.ppm;906;407;955;459;60
00005.ppm;1177;274;1286;355;158
00005.ppm;1172;164;1284;278;53
00006.ppm;926;350;989;414;60
00007.ppm;825;406;864;445;53
00008.ppm;785;460;811;486;60
00008.ppm;779;424;816;461;36
00009.ppm;925;466;949;490;62
00010.ppm;1193;358;1269;436;36
00011.ppm;720;338;770;398;58
00011.ppm;710;265;780;342;2
00012.ppm;979;364;1034;418;58
00013.ppm;1043;281;1120;356;60
00014.ppm;712;492;732;511;2
00015.ppm;770;426;808;462;20
00016.ppm;901;421;959;478;36
00017.ppm;908;302;1031;408;32
00017.ppm;575;495;598;515;23
00018.ppm;950;455;981;486;62
00019.ppm;838;366;896;422;36
00019.ppm;845;423;888;465;60
00020.ppm;825;428;862;463;12
00021.ppm;825;388;877;437;15
00022.ppm;667;472;692;497;15
00023.ppm;997;505;1066;619;163
00023.ppm;998;292;1074;371;58
00023.ppm;46;350;136;444;12
00023.ppm;945;435;1006;492;12
00024.ppm;134;500;164;541;163
00024.ppm;90;435;163;465;139
00024.ppm;112;463;143;492;34
00025.ppm;269;474;290;495;108
00025.ppm;219;383;273;437;108
00025.ppm;950;328;1031;406;108
00025.ppm;1005;280;1056;335;109
00025.ppm;1011;327;1056;357;158
00025.ppm;731;422;772;459;34
00025.ppm;734;463;767;497;89
00026.ppm;293;342;361;418;108
00026.ppm;453;411;492;451;58
00027.ppm;970;440;1032;502;158
00027.ppm;99;428;158;490;158
00027.ppm;969;386;1024;441;60
00027.ppm;102;375;157;430;60
00028.ppm;775;399;833;453;20
00028.ppm;391;468;417;494;79
00029.ppm;1099;434;1129;453;158
00029.ppm;631;463;666;472;139
00029.ppm;1055;683;1361;751;162
00029.ppm;1054;532;1361;607;162
00029.ppm;875;513;911;620;159
00029.ppm;913;510;963;677;159
00029.ppm;1091;393;1133;436;41
00030.ppm;707;450;734;487;665
00030.ppm;923;288;1054;327;139
00030.ppm;962;322;1025;360;146
00030.ppm;1179;414;1200;437;109
00030.ppm;789;469;823;479;139
00030.ppm;884;460;898;475;109
00030.ppm;394;511;420;537;86
00031.ppm;607;487;622;504;73
00031.ppm;763;426;812;473;20
00031.ppm;597;456;628;488;36
00032.ppm;428;438;463;462;123
00032.ppm;952;404;988;439;158
00032.ppm;951;436;989;454;147
00032.ppm;951;371;987;405;109
00032.ppm;678;443;707;469;34
00032.ppm;683;469;703;493;84
00033.ppm;755;439;779;462;91
00033.ppm;611;440;696;464;139
00033.ppm;608;364;696;440;138
00033.ppm;608;342;694;361;139
00033.ppm;22;505;88;571;86
00034.ppm;870;458;900;476;150
00034.ppm;695;474;726;510;138
00034.ppm;866;430;899;460;16
00035.ppm;267;513;295;607;159
00035.ppm;816;455;894;480;139
00035.ppm;802;348;898;456;138
00035.ppm;968;523;1008;581;163
00035.ppm;264;475;302;514;86
00035.ppm;678;439;714;474;34
00036.ppm;1144;448;1164;464;158
00036.ppm;1133;393;1164;424;36
00036.ppm;1138;424;1163;450;79
00037.ppm;245;484;269;496;101
00037.ppm;250;495;263;506;73
00037.ppm;668;527;690;548;86
00038.ppm;1136;475;1154;487;158
00038.ppm;1135;458;1154;478;109
00038.ppm;1120;444;1142;464;36
00039.ppm;821;425;844;454;109
00039.ppm;823;452;844;470;158
00039.ppm;705;457;761;471;139
00039.ppm;705;472;765;487;139
00039.ppm;938;167;1022;251;36
00039.ppm;953;252;1015;313;79
00040.ppm;1040;310;1130;400;84
00040.ppm;1017;202;1141;313;34
00041.ppm;997;484;1031;517;86
00042.ppm;936;368;981;412;158
00042.ppm;773;437;789;458;76
00042.ppm;916;300;995;374;31
00043.ppm;1036;296;1097;357;36
00043.ppm;1047;357;1092;402;82
00043.ppm;110;444;143;480;79
00044.ppm;738;489;754;511;140
00044.ppm;778;387;802;413;109
00044.ppm;781;410;802;427;158
00044.ppm;782;426;806;442;158
00044.ppm;889;299;1021;355;139
00044.ppm;752;403;782;433;36
00045.ppm;178;504;240;597;86
00046.ppm;1124;500;1147;598;159
00046.ppm;1085;493;1125;636;159
00046.ppm;1045;126;1166;247;36
00047.ppm;641;513;659;572;159
00047.ppm;798;504;834;625;159
00047.ppm;937;481;997;684;159
00047.ppm;553;462;579;488;21
00048.ppm;394;458;448;473;139
00048.ppm;780;443;811;474;89
00048.ppm;771;405;815;443;34
00048.ppm;341;523;380;562;86
00049.ppm;993;397;1025;430;83
00049.ppm;985;354;1028;397;36
00050.ppm;862;486;890;529;163
00050.ppm;946;373;967;400;85
00050.ppm;941;339;972;372;34
00051.ppm;957;396;1005;416;100
00051.ppm;608;440;627;459;109
00051.ppm;438;483;448;495;109
00051.ppm;968;218;1037;287;36
00052.ppm;833;352;870;389;82
00052.ppm;829;281;879;331;36
00053.ppm;687;395;732;406;139
00053.ppm;687;405;738;487;138
00053.ppm;707;428;743;473;665
00053.ppm;743;406;854;441;139
00053.ppm;743;377;853;412;139
00053.ppm;740;348;853;383;139
00053.ppm;1156;333;1196;372;41
00053.ppm;766;438;799;471;79
00054.ppm;1014;459;1056;476;139
00054.ppm;1120;503;1150;522;150
00054.ppm;1113;436;1152;473;15
00054.ppm;1117;473;1146;502;56
00054.ppm;974;442;999;467;36
00054.ppm;456;520;476;540;86
00055.ppm;719;503;739;566;159
00055.ppm;698;454;757;512;141
00055.ppm;860;333;913;364;150
00055.ppm;858;290;912;338;142
00055.ppm;702;413;747;455;20
00056.ppm;729;436;760;467;58
00057.ppm;953;317;1029;393;138
00057.ppm;873;384;936;465;138
00057.ppm;626;522;640;558;159
00057.ppm;574;518;593;571;159
00057.ppm;539;516;562;582;159
00057.ppm;385;505;423;636;159
00057.ppm;990;418;1036;467;58
00058.ppm;786;394;824;435;36
00059.ppm;988;384;1055;448;108
00059.ppm;892;240;1056;281;139
00059.ppm;897;274;1057;314;139
00059.ppm;894;313;1060;360;139
00059.ppm;838;485;898;563;163
00059.ppm;793;400;854;461;36
00060.ppm;278;445;337;463;139
00060.ppm;899;387;966;423;115
00060.ppm;296;508;323;535;86
00060.ppm;819;441;842;464;60
00061.ppm;1224;333;1285;394;60
00062.ppm;1031;434;1062;452;150
00062.ppm;1029;406;1062;438;142
00062.ppm;826;469;848;492;36
00063.ppm;815;499;837;521;53
00064.ppm;786;447;808;470;60
00065.ppm;756;481;791;515;138
00065.ppm;973;377;1022;427;53
00066.ppm;168;345;222;365;139
00066.ppm;300;474;383;498;139
00066.ppm;302;455;383;479;139
00066.ppm;300;437;382;460;139
00066.ppm;313;402;338;442;139
00066.ppm;569;483;618;535;86
00067.ppm;950;464;983;489;158
00067.ppm;949;435;979;465;53
00068.ppm;855;480;873;492;158
00068.ppm;849;458;872;479;34
00069.ppm;817;459;838;480;60
00070.ppm;951;373;1027;411;147
00070.ppm;946;300;1026;373;12
00071.ppm;729;514;737;543;159
00071.ppm;735;511;745;546;159
00071.ppm;745;445;788;494;138
00071.ppm;821;511;837;567;159
00071.ppm;788;437;828;473;7
00071.ppm;794;474;822;502;58
00071.ppm;794;503;821;529;53
00072.ppm;836;456;858;478;62
00073.ppm;723;431;752;457;12
00073.ppm;727;457;748;477;60
00073.ppm;727;476;749;497;53
00073.ppm;425;428;456;455;12
00073.ppm;430;453;452;475;60
00073.ppm;432;475;452;495;53
00074.ppm;578;445;625;461;139
00074.ppm;579;433;625;450;139
00074.ppm;383;527;421;569;86
00074.ppm;439;401;488;452;35
00074.ppm;929;378;981;431;35
00075.ppm;1120;350;1187;409;12
00075.ppm;1131;409;1179;456;62
00076.ppm;784;440;819;472;2
00076.ppm;789;471;815;495;60
00077.ppm;545;518;554;547;159
00077.ppm;477;522;491;561;159
00077.ppm;407;527;425;575;159
00077.ppm;951;348;1015;408;0
00077.ppm;962;408;1011;455;53
00078.ppm;773;501;800;514;160
00078.ppm;1228;302;1314;352;147
00078.ppm;1211;206;1319;305;17
00078.ppm;800;462;821;483;34
00079.ppm;762;459;792;489;23
00080.ppm;840;433;871;463;158
00080.ppm;829;381;880;432;53
00081.ppm;966;228;1044;299;34
00081.ppm;233;499;249;521;86
00082.ppm;425;446;469;496;138
00082.ppm;247;492;331;580;86
00083.ppm;369;450;393;477;108
00083.ppm;63;453;90;484;108
00083.ppm;2;172;128;322;108
00083.ppm;1054;208;1152;296;34
00083.ppm;1071;297;1142;368;89
00084.ppm;853;449;883;481;108
00084.ppm;990;390;1035;437;108
00084.ppm;707;523;734;551;86
00085.ppm;853;465;873;477;158
00085.ppm;852;455;874;468;147
00085.ppm;808;467;865;483;139
00085.ppm;51;246;166;284;139
00085.ppm;846;429;875;458;58
00086.ppm;864;489;917;506;139
00086.ppm;863;476;916;491;139
00086.ppm;862;464;917;477;139
00086.ppm;864;450;917;466;139
00086.ppm;862;438;918;451;139
00086.ppm;944;298;1007;361;36
00087.ppm;311;456;336;482;158
00087.ppm;668;391;741;444;138
00087.ppm;912;470;949;506;158
00087.ppm;912;435;946;470;70
00087.ppm;306;421;340;456;70
00088.ppm;741;421;787;502;138
00088.ppm;765;290;896;399;138
00088.ppm;956;464;982;490;54
00088.ppm;410;464;436;490;54
00088.ppm;412;440;436;464;67
00088.ppm;956;440;981;464;67
00089.ppm;1025;438;1054;468;63
00089.ppm;634;447;660;474;63
00090.ppm;966;428;1007;464;34
00091.ppm;523;490;552;532;163
00091.ppm;578;440;642;460;139
00091.ppm;562;409;642;442;139
00091.ppm;560;379;651;409;139
00091.ppm;869;443;899;471;34
00091.ppm;1056;377;1096;414;34
00091.ppm;509;382;553;422;34
00092.ppm;813;424;833;444;73
00092.ppm;487;458;532;470;139
00092.ppm;472;433;544;454;139
00092.ppm;472;415;543;437;139
00092.ppm;420;502;445;540;163
00092.ppm;718;440;739;462;34
00092.ppm;420;419;447;446;36
00092.ppm;423;449;444;470;79
00093.ppm;344;397;379;436;58
00093.ppm;1076;339;1119;389;58
00094.ppm;949;418;1000;459;158
00094.ppm;110;390;196;456;158
00094.ppm;946;370;995;419;49
00094.ppm;113;316;189;392;49
00095.ppm;362;504;372;515;161
00095.ppm;698;461;719;481;58
00095.ppm;695;437;723;461;1
00096.ppm;699;396;738;435;40
00096.ppm;1140;420;1176;458;40
00097.ppm;1243;220;1361;283;138
00097.ppm;1246;277;1361;417;138
00097.ppm;155;497;196;568;159
00097.ppm;764;468;779;482;102
00097.ppm;764;457;778;467;105
00097.ppm;1125;338;1168;378;34
00097.ppm;288;328;334;368;34
00097.ppm;148;446;196;499;86
00098.ppm;1206;244;1296;323;34
00098.ppm;594;286;668;353;34
00099.ppm;921;533;945;546;158
00099.ppm;910;495;953;533;0
00100.ppm;672;504;692;524;138
00100.ppm;753;503;811;544;138
00100.ppm;413;507;451;541;32
00100.ppm;863;505;902;540;32
00101.ppm;708;489;745;520;138
00101.ppm;659;491;700;522;138
00101.ppm;835;406;891;461;63
00102.ppm;1011;547;1055;617;163
00102.ppm;367;365;516;410;139
00102.ppm;933;314;990;365;34
00102.ppm;945;374;984;415;85
00103.ppm;792;472;838;491;139
00103.ppm;797;462;837;480;139
00103.ppm;912;476;933;497;150
00103.ppm;920;344;1003;437;138
00103.ppm;855;396;890;431;82
00103.ppm;847;349;897;397;36
00104.ppm;765;507;811;528;146
00104.ppm;767;462;808;499;20
00104.ppm;695;461;730;492;34
00105.ppm;599;414;694;470;138
00105.ppm;256;438;303;484;31
00105.ppm;958;378;1024;440;21
00106.ppm;202;540;227;589;159
00106.ppm;404;536;422;574;159
00106.ppm;359;524;396;562;160
00106.ppm;902;369;985;443;20
00107.ppm;740;470;807;548;102
00107.ppm;486;485;540;537;20
00107.ppm;490;536;529;576;58
00108.ppm;856;533;868;559;159
00108.ppm;79;540;110;621;159
00109.ppm;682;459;791;505;138
00109.ppm;990;484;1020;513;61
00110.ppm;676;547;684;572;159
00110.ppm;697;549;704;567;159
00110.ppm;718;546;725;564;159
00110.ppm;733;545;739;561;159
00110.ppm;745;544;750;557;159
00110.ppm;769;489;842;511;138
00110.ppm;933;513;954;529;158
00110.ppm;1078;530;1101;596;159
00110.ppm;630;550;640;581;159
00110.ppm;535;551;552;599;159
00110.ppm;389;551;421;656;159
00110.ppm;929;489;954;513;53
00111.ppm;487;545;513;633;159
00111.ppm;596;541;610;588;159
00111.ppm;634;542;645;574;159
00111.ppm;652;540;661;564;159
00111.ppm;662;538;669;558;159
00111.ppm;670;536;676;554;159
00111.ppm;648;452;785;496;138
00111.ppm;1091;465;1123;497;61
00111.ppm;350;503;382;535;61
00112.ppm;802;544;808;558;159
00112.ppm;853;545;861;563;159
00112.ppm;864;545;870;563;159
00112.ppm;875;534;882;543;160
00112.ppm;804;528;848;542;139
00112.ppm;773;524;787;548;140
00112.ppm;638;544;644;563;159
00112.ppm;633;545;640;570;159
00112.ppm;625;543;634;575;159
00112.ppm;591;541;607;596;159
00112.ppm;479;540;521;644;159
00112.ppm;366;473;399;508;61
00112.ppm;1186;475;1225;514;61
00113.ppm;351;413;419;480;54
00114.ppm;1010;266;1361;377;138
00114.ppm;1169;421;1231;484;61
00115.ppm;945;506;1004;632;163
00115.ppm;850;218;950;317;35
00115.ppm;330;523;351;545;86
00116.ppm;1078;254;1136;312;79
00116.ppm;383;473;400;502;40
00117.ppm;1131;552;1181;701;159
00117.ppm;1103;547;1137;659;159
00117.ppm;1239;555;1323;801;159
00117.ppm;560;545;596;657;159
00117.ppm;506;545;548;672;159
00117.ppm;447;557;493;639;159
00117.ppm;396;545;444;702;159
00117.ppm;277;545;336;742;159
00117.ppm;99;425;131;466;40
00117.ppm;438;500;496;558;86
00118.ppm;588;547;597;584;159
00118.ppm;252;565;276;659;159
00118.ppm;229;505;285;564;86
00119.ppm;847;472;873;496;12
00119.ppm;1082;393;1120;431;36
00120.ppm;4;175;223;242;139
00120.ppm;6;118;221;179;139
00120.ppm;52;359;168;429;158
00120.ppm;1;59;223;122;139
00120.ppm;58;243;164;345;60
00121.ppm;969;432;1016;465;138
00121.ppm;847;429;891;462;138
00121.ppm;91;308;185;416;65
00122.ppm;674;491;703;515;138
00122.ppm;622;488;655;514;138
00122.ppm;500;496;521;518;65
00122.ppm;883;498;904;520;65
00123.ppm;519;492;550;524;65
00123.ppm;1101;483;1133;516;65
00124.ppm;532;481;558;507;62
00124.ppm;976;470;1002;496;62
00125.ppm;1019;313;1106;401;60
00126.ppm;719;420;731;432;160
00126.ppm;672;420;686;431;160
00126.ppm;631;419;645;432;160
00126.ppm;586;419;600;434;160
00126.ppm;531;419;548;437;160
00126.ppm;486;422;505;441;160
00126.ppm;445;421;468;445;160
00126.ppm;379;424;410;454;160
00126.ppm;840;374;868;404;60
00126.ppm;379;365;411;396;60
00127.ppm;138;385;175;423;63
00127.ppm;1009;380;1046;417;63
00128.ppm;1185;287;1295;478;138
00128.ppm;1147;397;1180;431;36
00129.ppm;747;537;845;549;162
00129.ppm;748;501;847;520;162
00129.ppm;735;486;749;545;159
00129.ppm;996;450;1075;712;159
00129.ppm;962;379;1008;426;53
00129.ppm;866;399;905;439;21
00130.ppm;900;368;929;401;101
00130.ppm;158;416;177;433;100
00130.ppm;322;467;344;481;158
00130.ppm;594;495;607;541;159
00130.ppm;606;494;619;542;159
00130.ppm;641;503;682;517;162
00130.ppm;622;494;639;543;159
00130.ppm;749;491;767;552;159
00130.ppm;684;491;702;546;159
00130.ppm;821;492;842;559;159
00130.ppm;850;453;868;477;73
00130.ppm;986;466;1037;592;159
00130.ppm;209;426;236;453;58
00130.ppm;601;431;626;456;58
00130.ppm;318;439;345;467;31
00131.ppm;885;466;903;485;76
00131.ppm;709;463;736;549;159
00131.ppm;666;472;685;535;159
00131.ppm;733;479;779;495;162
00131.ppm;768;455;815;589;159
00131.ppm;254;430;278;507;159
00131.ppm;1010;430;1034;455;53
00131.ppm;474;389;500;415;58
00132.ppm;1271;432;1285;451;109
00132.ppm;1295;514;1361;568;162
00132.ppm;1052;438;1150;766;159
00132.ppm;935;449;946;467;73
00132.ppm;773;473;811;592;159
00132.ppm;693;482;712;549;159
00132.ppm;504;445;523;454;158
00132.ppm;507;431;522;448;76
00132.ppm;318;432;342;531;159
00132.ppm;338;410;362;452;140
00132.ppm;324;376;381;413;151
00132.ppm;314;306;393;377;31
00133.ppm;297;427;315;440;139
00133.ppm;298;417;314;427;139
00133.ppm;299;409;314;417;139
00133.ppm;298;398;314;409;139
00133.ppm;773;448;807;458;139
00133.ppm;774;439;807;450;139
00133.ppm;839;408;861;432;36
00133.ppm;841;432;858;450;82
00133.ppm;505;415;522;432;79
00134.ppm;1008;299;1073;365;58
00135.ppm;718;298;777;356;58
00136.ppm;816;401;857;437;23
00137.ppm;824;324;892;384;23
00138.ppm;157;179;235;268;41
00138.ppm;1302;399;1336;432;41
00140.ppm;247;472;275;501;35
00141.ppm;140;470;174;503;138
00141.ppm;235;453;291;467;139
00141.ppm;857;379;894;416;60
00142.ppm;888;470;913;487;150
00142.ppm;889;454;913;472;154
00142.ppm;798;354;915;457;138
00142.ppm;816;454;835;473;60
00143.ppm;170;394;249;512;163
00143.ppm;461;336;595;373;139
00143.ppm;341;86;629;343;138
00143.ppm;581;39;623;99;139
00143.ppm;241;187;310;256;36
00144.ppm;708;445;727;464;62
00145.ppm;1053;350;1120;438;139
00146.ppm;1205;122;1327;246;71
00146.ppm;707;404;732;426;16
00146.ppm;711;427;729;445;60
00147.ppm;750;419;784;452;0
00148.ppm;872;353;943;416;32
00149.ppm;1131;274;1221;361;62
00149.ppm;1110;158;1231;273;36
00149.ppm;703;461;725;483;36
00150.ppm;824;345;865;386;60
00151.ppm;794;400;828;419;147
00151.ppm;794;372;824;401;58
00152.ppm;661;402;725;418;139
00152.ppm;696;362;776;395;139
00152.ppm;698;341;777;370;139
00152.ppm;698;316;779;347;139
00152.ppm;756;289;781;323;139
00152.ppm;605;424;627;447;36
00153.ppm;307;409;338;440;79
00154.ppm;655;449;667;464;109
00154.ppm;692;410;717;436;79
00155.ppm;673;440;687;454;109
00155.ppm;700;422;720;443;109
00155.ppm;439;486;462;556;159
00155.ppm;425;386;468;431;86
00156.ppm;819;388;848;417;53
00157.ppm;561;480;583;496;138
00157.ppm;262;423;297;460;53
00157.ppm;885;392;926;432;53
00157.ppm;650;505;671;526;86
00158.ppm;907;414;933;440;71
00159.ppm;1180;267;1270;311;139
00159.ppm;1113;233;1190;289;139
00159.ppm;86;502;117;547;159
00159.ppm;713;502;743;544;159
00159.ppm;892;504;916;558;159
00159.ppm;975;505;1031;593;159
00159.ppm;974;443;1031;506;87
00159.ppm;713;476;740;503;87
00159.ppm;86;473;117;504;86
00159.ppm;890;466;917;505;86
00160.ppm;683;485;692;509;159
00160.ppm;618;447;648;461;158
00160.ppm;595;427;667;449;139
00160.ppm;610;388;653;428;20
00161.ppm;668;492;678;520;159
00161.ppm;679;493;689;525;159
00161.ppm;698;491;712;530;159
00161.ppm;728;490;744;539;159
00161.ppm;790;485;811;556;159
00161.ppm;920;477;953;600;159
00161.ppm;717;445;735;462;85
00162.ppm;700;451;745;466;139
00162.ppm;894;459;952;629;159
00162.ppm;244;430;262;448;40
00162.ppm;713;433;732;452;40
00162.ppm;544;444;562;462;40
00163.ppm;753;473;825;545;86
00164.ppm;874;375;918;416;21
00165.ppm;272;473;344;485;162
00165.ppm;255;463;264;496;159
00165.ppm;382;412;399;431;58
00165.ppm;689;292;745;340;23
00166.ppm;814;382;848;416;58
00167.ppm;369;446;392;469;60
00167.ppm;729;433;750;455;60
00168.ppm;834;361;865;412;111
00168.ppm;835;211;977;367;138
00168.ppm;918;144;969;214;158
00168.ppm;693;419;719;442;31
00169.ppm;723;442;766;481;138
00169.ppm;1083;11;1360;99;139
00169.ppm;1089;153;1212;276;60
00170.ppm;912;322;944;358;62
00171.ppm;882;335;932;385;62
00171.ppm;883;385;932;433;53
00172.ppm;719;455;737;472;158
00172.ppm;721;446;735;453;158
00172.ppm;719;436;739;447;147
00172.ppm;712;471;740;495;20
00172.ppm;718;418;737;437;58
00173.ppm;1122;356;1159;380;157
00173.ppm;1112;329;1166;360;147
00173.ppm;1111;279;1161;329;58
00174.ppm;718;413;753;444;16
00174.ppm;723;443;747;467;60
00174.ppm;801;302;860;364;36
00175.ppm;893;341;944;396;53
00176.ppm;850;414;875;440;60
00177.ppm;505;467;520;490;159
00177.ppm;750;481;778;525;163
00177.ppm;766;295;893;419;138
00177.ppm;271;416;313;458;35
00177.ppm;746;423;785;462;35
00177.ppm;502;451;519;468;86
00177.ppm;1271;402;1308;437;34
00178.ppm;728;456;748;476;60
00179.ppm;686;421;707;440;36
00180.ppm;968;384;1004;421;60
00181.ppm;793;299;853;359;62
00182.ppm;656;412;685;441;60
00182.ppm;658;385;686;414;71
00183.ppm;766;369;806;406;1
00184.ppm;695;405;715;431;138
00184.ppm;800;378;817;399;109
00184.ppm;697;386;716;406;109
00184.ppm;790;273;850;334;58
00185.ppm;993;484;1054;688;159
00185.ppm;967;150;1076;257;60
00186.ppm;603;455;621;474;62
00186.ppm;325;428;345;448;62
00186.ppm;602;433;625;456;36
00187.ppm;159;426;196;464;158
00187.ppm;675;439;712;473;158
00187.ppm;675;405;709;439;60
00187.ppm;161;393;194;428;60
00188.ppm;704;418;718;443;111
00188.ppm;705;379;752;422;23
00189.ppm;853;339;917;394;31
00190.ppm;671;433;691;445;158
00190.ppm;673;421;690;432;158
00190.ppm;688;404;706;425;111
00190.ppm;670;400;689;421;79
00191.ppm;693;406;728;439;23
00192.ppm;677;335;732;390;148
00192.ppm;492;414;516;437;40
00192.ppm;314;440;334;461;58
00192.ppm;662;262;738;339;36
00193.ppm;760;328;804;387;111
00193.ppm;727;224;834;331;35
00194.ppm;637;373;697;398;139
00194.ppm;718;306;787;369;16
00195.ppm;1040;155;1161;268;23
00195.ppm;784;398;820;430;31
00196.ppm;532;414;566;436;665
00196.ppm;726;316;787;370;34
00196.ppm;734;370;778;416;84
00196.ppm;534;471;558;496;86
00197.ppm;867;278;956;361;23
00198.ppm;704;427;718;442;109
00198.ppm;681;438;699;456;82
00198.ppm;678;412;702;435;35
00199.ppm;683;438;698;453;109
00199.ppm;840;404;868;433;138
00199.ppm;837;376;870;406;109
00199.ppm;826;322;882;374;23
00200.ppm;255;388;287;403;101
00200.ppm;941;332;981;370;138
00200.ppm;940;296;978;334;109
00200.ppm;840;287;915;364;35
00200.ppm;849;364;901;416;85
00200.ppm;648;410;670;433;40
00200.ppm;257;403;281;428;40
00201.ppm;507;409;523;427;158
00201.ppm;505;393;522;411;109
00201.ppm;1115;239;1190;304;138
00201.ppm;1114;183;1187;246;109
00201.ppm;762;352;812;397;34
00202.ppm;657;319;702;365;35
00202.ppm;56;315;104;363;35
00203.ppm;841;430;856;443;109
00203.ppm;444;359;473;374;158
00203.ppm;446;311;472;334;100
00203.ppm;445;332;475;361;109
00203.ppm;758;375;784;400;56
00204.ppm;475;377;503;395;158
00204.ppm;473;340;503;379;109
00204.ppm;829;137;976;286;106
00204.ppm;846;470;947;616;163
00204.ppm;858;151;946;242;58
00204.ppm;730;260;783;316;85
00205.ppm;751;328;804;390;108
00205.ppm;1202;332;1326;449;20
00206.ppm;61;105;135;178;85
00206.ppm;1159;197;1224;261;84
00206.ppm;827;471;847;493;86
00206.ppm;55;8;164;103;34
00206.ppm;1144;118;1235;196;34
00207.ppm;889;379;927;403;150
00207.ppm;870;313;942;378;20
00208.ppm;661;311;711;364;158
00208.ppm;638;239;732;319;31
00209.ppm;1110;287;1170;348;84
00209.ppm;1097;210;1184;287;34
00210.ppm;810;451;824;465;109
00210.ppm;1041;418;1062;439;139
00210.ppm;1041;405;1061;421;139
00210.ppm;1042;388;1064;407;139
00210.ppm;1040;370;1059;390;139
00210.ppm;1038;356;1058;376;139
00210.ppm;1036;344;1058;360;139
00210.ppm;1038;324;1058;344;139
00210.ppm;1090;405;1116;432;109
00210.ppm;1089;389;1115;407;158
00210.ppm;1017;418;1038;443;79
00210.ppm;1011;385;1043;418;36
00211.ppm;800;357;824;391;109
00211.ppm;667;410;705;445;23
00212.ppm;725;362;778;452;138
00212.ppm;565;479;581;528;159
00212.ppm;536;479;554;534;159
00212.ppm;516;479;532;534;159
00212.ppm;509;480;519;531;159
00212.ppm;293;427;315;450;85
00212.ppm;721;381;749;408;36
00212.ppm;756;402;782;430;84
00214.ppm;1185;130;1295;236;35
00214.ppm;1214;241;1288;312;84
00215.ppm;639;485;658;496;122
00215.ppm;818;454;886;492;138
00215.ppm;784;480;804;500;87
00216.ppm;311;466;337;495;158
00216.ppm;787;434;831;494;138
00216.ppm;887;473;914;501;158
00216.ppm;312;442;337;467;63
00216.ppm;886;446;911;472;63
00217.ppm;947;251;1062;370;106
00217.ppm;971;267;1031;328;58
00218.ppm;947;497;972;622;159
00218.ppm;808;437;827;456;84
00219.ppm;448;431;487;459;122
00219.ppm;1080;270;1155;340;34
00219.ppm;1089;345;1144;401;84
00220.ppm;1117;279;1182;345;106
00220.ppm;1127;285;1168;326;58
00221.ppm;571;508;599;520;162
00221.ppm;709;497;749;505;162
00221.ppm;696;493;712;536;159
00221.ppm;780;559;951;583;162
00221.ppm;781;512;953;542;162
00221.ppm;767;490;789;566;159
00221.ppm;988;420;1042;470;21
00222.ppm;993;401;1023;418;158
00222.ppm;989;388;1023;407;147
00222.ppm;985;354;1022;390;58
00223.ppm;825;393;857;413;157
00223.ppm;816;372;862;396;147
00223.ppm;816;334;858;374;58
00224.ppm;932;188;1024;278;16
00224.ppm;923;276;977;341;58
00224.ppm;977;263;1042;333;53
00225.ppm;856;268;924;334;58
00226.ppm;1160;281;1224;317;147
00226.ppm;1152;224;1220;290;58
00227.ppm;1246;344;1296;393;109
00227.ppm;1244;325;1295;348;158
00227.ppm;1228;259;1306;329;31
00228.ppm;937;295;998;356;58
00229.ppm;1282;339;1332;383;16
00229.ppm;1273;384;1305;417;58
00229.ppm;1305;382;1341;414;53
00230.ppm;974;398;1002;426;58
00230.ppm;968;426;1007;463;16
00231.ppm;1210;1;1361;155;108
00231.ppm;1183;466;1239;626;163
00231.ppm;1146;362;1183;399;58
00232.ppm;735;416;752;456;138
00232.ppm;589;495;617;524;86
00232.ppm;868;379;910;419;34
00232.ppm;297;420;340;459;34
00233.ppm;325;485;358;517;86
00234.ppm;1026;259;1146;380;106
00234.ppm;1051;275;1115;338;58
00235.ppm;1282;32;1361;129;108
00235.ppm;980;193;1039;255;108
00236.ppm;1081;274;1199;402;35
00237.ppm;923;265;1064;395;138
00237.ppm;822;361;854;393;35
00237.ppm;290;389;323;422;35
00238.ppm;850;432;877;447;158
00238.ppm;842;400;881;435;31
00238.ppm;849;443;877;471;58
00239.ppm;795;434;812;444;158
00239.ppm;788;411;814;436;31
00239.ppm;792;439;812;458;58
00239.ppm;827;412;855;441;36
00240.ppm;838;358;891;415;106
00240.ppm;847;364;879;396;58
00241.ppm;859;500;1028;568;162
00241.ppm;838;400;880;442;60
00242.ppm;326;383;344;412;93
00242.ppm;849;429;870;443;158
00242.ppm;849;412;872;429;158
00242.ppm;848;388;870;413;41
00242.ppm;1195;267;1302;366;34
00243.ppm;229;636;265;749;159
00243.ppm;642;523;646;538;159
00243.ppm;634;524;639;541;159
00243.ppm;624;526;630;548;159
00243.ppm;614;528;622;553;159
00243.ppm;603;531;611;558;159
00243.ppm;585;536;595;566;159
00243.ppm;564;544;574;578;159
00243.ppm;534;549;546;594;159
00243.ppm;488;564;503;617;159
00243.ppm;403;587;426;658;159
00243.ppm;771;507;782;522;163
00243.ppm;782;469;832;482;139
00243.ppm;843;447;867;470;60
00244.ppm;1239;391;1285;420;157
00244.ppm;493;428;533;452;157
00244.ppm;491;390;530;429;54
00244.ppm;1238;349;1282;394;54
00245.ppm;853;460;877;474;157
00245.ppm;479;464;500;477;157
00245.ppm;477;442;499;464;54
00245.ppm;851;438;874;461;54
00246.ppm;1091;394;1137;422;157
00246.ppm;313;424;360;451;157
00246.ppm;311;381;354;425;54
00246.ppm;1091;354;1134;396;54
00247.ppm;856;469;878;492;158
00247.ppm;791;481;805;509;144
00247.ppm;635;462;659;485;138
00247.ppm;602;462;632;485;138
00247.ppm;474;476;497;496;158
00247.ppm;471;453;492;474;63
00247.ppm;856;448;877;469;63
00248.ppm;846;456;874;483;158
00248.ppm;663;496;670;508;163
00248.ppm;722;439;754;464;138
00248.ppm;673;441;719;468;138
00248.ppm;206;477;234;506;158
00248.ppm;204;452;229;479;63
00248.ppm;843;429;870;456;63
00249.ppm;847;457;879;488;138
00249.ppm;1328;214;1353;251;139
00249.ppm;1173;246;1361;421;138
00249.ppm;1326;415;1361;470;139
00249.ppm;1212;419;1244;452;60
00250.ppm;108;504;171;601;159
00250.ppm;100;423;168;495;86
00250.ppm;907;446;932;471;60
00251.ppm;129;518;211;640;159
00251.ppm;116;425;208;520;86
00252.ppm;798;422;820;456;159
00252.ppm;664;428;686;461;159
00252.ppm;916;372;954;392;157
00252.ppm;915;389;960;434;53
00252.ppm;910;326;956;372;58
00253.ppm;1096;452;1155;630;159
00253.ppm;1186;134;1301;244;53
00254.ppm;1172;270;1237;336;60
00254.ppm;1264;368;1295;398;12
00255.ppm;638;454;669;480;138
00255.ppm;829;417;849;438;109
00255.ppm;183;503;260;581;86
00256.ppm;847;449;866;472;140
00256.ppm;875;401;933;463;138
00256.ppm;1123;148;1226;207;158
00256.ppm;1105;42;1232;153;31
00257.ppm;1237;334;1295;387;20
00257.ppm;1079;388;1119;423;20
00258.ppm;252;522;278;535;100
00258.ppm;745;469;777;501;23
00258.ppm;346;490;381;522;23
00259.ppm;892;403;962;424;139
00259.ppm;801;428;827;442;100
00259.ppm;708;434;728;457;108
00259.ppm;533;407;550;425;73
00259.ppm;457;420;486;445;158
00259.ppm;455;403;487;422;158
00259.ppm;450;385;493;405;158
00259.ppm;486;360;503;387;73
00259.ppm;453;354;485;388;109
00259.ppm;295;289;346;331;100
00259.ppm;1202;329;1247;374;58
00260.ppm;720;266;784;330;56
00261.ppm;1157;310;1205;356;76
00261.ppm;815;428;836;456;76
00261.ppm;770;431;782;454;76
00261.ppm;677;481;686;498;108
00261.ppm;664;486;674;501;108
00261.ppm;641;479;660;496;108
00261.ppm;555;475;566;487;73
00261.ppm;525;476;545;495;108
00261.ppm;471;450;484;465;73
00261.ppm;453;403;485;422;100
00261.ppm;17;437;50;462;155
00261.ppm;8;365;47;439;109
00261.ppm;1150;250;1208;311;79
00262.ppm;275;495;311;505;139
00262.ppm;360;463;376;474;101
00262.ppm;436;459;458;472;158
00262.ppm;438;469;459;479;158
00262.ppm;442;477;457;492;158
00262.ppm;437;442;455;461;109
00262.ppm;459;437;535;460;139
00262.ppm;1055;387;1083;427;108
00262.ppm;1136;341;1180;400;108
00262.ppm;1024;133;1197;298;108
00262.ppm;894;282;953;341;82
00262.ppm;1042;37;1146;139;36
00263.ppm;951;453;972;473;138
00263.ppm;728;459;747;478;138
00263.ppm;646;417;666;437;60
00264.ppm;964;412;988;435;62
00264.ppm;965;435;988;458;53
00264.ppm;509;466;531;488;53
00265.ppm;790;479;799;508;159
00265.ppm;783;476;792;502;159
00265.ppm;766;474;772;491;159
00265.ppm;785;466;804;474;158
00265.ppm;800;426;831;456;7
00265.ppm;783;446;804;464;31
00265.ppm;805;458;827;480;58
00266.ppm;251;500;292;529;158
00266.ppm;242;450;293;501;31
00267.ppm;778;428;809;469;138
00267.ppm;834;380;856;402;82
00267.ppm;859;387;886;414;36
00268.ppm;891;396;917;422;60
00269.ppm;966;430;990;454;53
00270.ppm;959;353;1054;430;138
00270.ppm;1238;331;1291;385;71
00270.ppm;243;335;293;386;60
00270.ppm;1237;279;1291;332;60
00271.ppm;934;367;1043;463;138
00271.ppm;259;369;297;408;60
00271.ppm;1090;341;1130;381;60
00272.ppm;1292;283;1346;356;139
00272.ppm;1234;378;1293;416;158
00272.ppm;322;458;369;489;158
00272.ppm;64;539;137;646;163
00272.ppm;1223;315;1297;385;31
00272.ppm;310;398;377;461;31
00273.ppm;1259;1;1331;74;139
00273.ppm;1087;149;1341;263;139
00273.ppm;1083;71;1335;153;139
00273.ppm;1091;368;1141;396;150
00273.ppm;1091;343;1141;370;146
00273.ppm;799;488;833;500;160
00273.ppm;862;468;874;475;158
00273.ppm;795;450;823;461;139
00273.ppm;677;497;689;516;163
00273.ppm;1080;286;1145;343;17
00274.ppm;875;453;892;463;150
00274.ppm;873;434;893;455;117
00274.ppm;377;361;404;395;73
00274.ppm;975;395;1011;430;56
00275.ppm;1080;382;1119;402;100
00275.ppm;596;460;621;472;155
00275.ppm;593;428;619;462;109
00275.ppm;251;464;287;479;100
00275.ppm;1196;342;1237;384;84
00275.ppm;206;410;238;445;84
00276.ppm;807;405;840;426;150
00276.ppm;806;388;841;408;157
00276.ppm;705;480;715;489;76
00276.ppm;703;461;714;472;109
00276.ppm;487;475;502;492;76
00276.ppm;522;460;536;475;92
00276.ppm;491;461;513;471;100
00276.ppm;425;418;464;477;138
00276.ppm;91;475;110;500;138
00276.ppm;114;516;155;586;159
00276.ppm;798;346;845;388;17
00276.ppm;109;464;153;517;86
00277.ppm;1052;422;1075;442;158
00277.ppm;1048;399;1071;422;49
00278.ppm;922;389;951;419;89
00278.ppm;915;354;955;390;34
00279.ppm;617;484;673;540;86
00280.ppm;1054;392;1083;422;60
00280.ppm;1131;357;1182;408;36
00281.ppm;982;363;1016;393;19
00281.ppm;984;392;1017;425;60
00282.ppm;869;414;901;444;17
00283.ppm;1177;114;1284;219;62
00284.ppm;1081;451;1142;511;161
00284.ppm;980;269;1059;347;36
00284.ppm;993;347;1051;404;60
00285.ppm;1091;304;1146;359;35
00286.ppm;1015;360;1044;389;35
00287.ppm;1113;370;1154;411;60
00288.ppm;413;456;436;479;63
00288.ppm;983;438;1006;462;63
00289.ppm;1283;424;1329;472;158
00289.ppm;289;442;325;478;158
00289.ppm;285;401;326;444;70
00289.ppm;1282;379;1326;424;70
00290.ppm;1294;391;1326;428;63
00291.ppm;1129;384;1165;422;61
00292.ppm;644;462;705;481;138
00292.ppm;625;501;630;514;159
00292.ppm;614;502;620;518;159
00292.ppm;596;503;602;519;159
00292.ppm;565;503;572;522;159
00292.ppm;509;505;518;531;159
00292.ppm;414;506;425;543;159
00292.ppm;172;513;192;573;159
00292.ppm;982;422;1011;451;67
00292.ppm;315;447;345;476;67
00293.ppm;570;294;888;387;138
00293.ppm;575;493;583;517;159
00293.ppm;540;495;550;522;159
00293.ppm;488;497;500;529;159
00293.ppm;391;498;403;539;159
00293.ppm;161;507;180;568;159
00293.ppm;28;410;70;456;65
00293.ppm;1143;365;1193;415;65
00294.ppm;709;488;714;501;159
00294.ppm;699;489;703;501;159
00294.ppm;686;489;691;502;159
00294.ppm;671;489;678;504;159
00294.ppm;650;489;656;507;159
00294.ppm;1178;379;1235;412;158
00294.ppm;801;392;881;429;138
00294.ppm;621;488;628;512;159
00294.ppm;595;491;606;516;159
00294.ppm;539;492;549;522;159
00294.ppm;445;494;458;534;159
00294.ppm;238;498;259;560;159
00294.ppm;105;451;153;479;158
00294.ppm;101;405;153;453;11
00294.ppm;1173;326;1231;381;11
00295.ppm;842;462;870;472;139
00295.ppm;1227;364;1272;411;70
00295.ppm;98;417;142;463;70
00296.ppm;460;409;492;442;65
00296.ppm;1237;385;1269;417;65
00297.ppm;1015;444;1042;468;21
00297.ppm;593;443;620;466;21
00298.ppm;1220;168;1327;264;11
00298.ppm;1238;256;1314;331;60
00298.ppm;69;445;107;475;23
00299.ppm;1245;247;1304;306;72
00300.ppm;687;484;700;523;159
00300.ppm;684;458;707;473;158
00300.ppm;680;430;710;458;20
00300.ppm;779;420;801;443;60
00301.ppm;1062;260;1131;324;11
00301.ppm;1075;318;1125;368;60
00302.ppm;1071;416;1103;453;138
00302.ppm;1013;434;1063;448;139
00302.ppm;1012;419;1060;434;139
00302.ppm;1013;406;1059;421;139
00302.ppm;1010;392;1058;407;138
00302.ppm;1123;333;1163;373;72
00303.ppm;868;442;897;480;138
00303.ppm;1186;385;1215;414;60
00304.ppm;504;385;553;434;79
00305.ppm;554;394;599;418;158
00305.ppm;765;368;827;422;23
00305.ppm;549;348;597;393;31
00306.ppm;1047;420;1084;455;0
00306.ppm;353;471;389;505;0
00307.ppm;1331;434;1349;451;160
00307.ppm;1203;444;1221;461;160
00307.ppm;1079;451;1098;469;160
00307.ppm;948;458;968;479;160
00307.ppm;457;474;488;505;40
00307.ppm;795;454;827;487;40
00307.ppm;892;417;934;457;11
00307.ppm;829;453;862;486;86
00309.ppm;180;388;220;431;65
00309.ppm;1159;353;1203;398;65
00310.ppm;931;440;985;482;138
00310.ppm;285;426;317;459;72
00310.ppm;1150;390;1188;427;72
00311.ppm;919;387;1006;420;139
00311.ppm;616;424;650;458;67
00311.ppm;1295;391;1329;425;67
00312.ppm;1228;433;1249;445;158
00312.ppm;679;455;701;467;158
00312.ppm;122;267;225;379;63
00312.ppm;1226;411;1249;433;11
00312.ppm;677;434;699;453;11
00313.ppm;369;414;424;470;70
00314.ppm;1218;436;1247;463;158
00314.ppm;405;482;436;512;158
00314.ppm;1213;398;1247;434;63
00314.ppm;396;451;429;485;63
00315.ppm;1274;418;1313;457;158
00315.ppm;179;458;223;502;158
00315.ppm;1267;373;1310;419;70
00315.ppm;172;414;213;462;70
00316.ppm;693;413;719;437;0
00316.ppm;696;436;719;458;61
00316.ppm;994;395;1022;420;0
00316.ppm;995;421;1020;445;61
00317.ppm;868;470;888;483;138
00317.ppm;1122;378;1166;421;69
00318.ppm;632;477;658;485;158
00318.ppm;633;484;659;493;158
00318.ppm;692;483;712;503;160
00318.ppm;605;483;630;507;160
00318.ppm;448;474;488;513;160
00318.ppm;13;455;93;540;160
00318.ppm;830;1;1061;156;138
00318.ppm;234;1;363;70;138
00318.ppm;210;49;395;186;138
00318.ppm;631;451;657;477;41
00318.ppm;779;481;800;502;86
00319.ppm;1201;403;1248;450;61
00319.ppm;569;436;612;481;61
00320.ppm;860;451;888;491;140
00320.ppm;601;457;626;496;140
00320.ppm;175;438;202;466;69
00320.ppm;921;403;951;434;69
00321.ppm;948;437;976;476;138
00321.ppm;1046;423;1067;457;139
00321.ppm;1025;425;1047;457;139
00322.ppm;1047;341;1150;467;138
00322.ppm;1157;375;1230;462;141
00322.ppm;1166;327;1209;370;63
00322.ppm;338;406;381;449;63
00323.ppm;855;466;882;482;157
00323.ppm;399;464;426;479;157
00323.ppm;398;437;425;464;54
00323.ppm;854;438;881;466;54
00328.ppm;702;514;711;544;159
00328.ppm;712;512;722;547;159
00328.ppm;744;506;763;561;159
00328.ppm;769;494;798;579;159
00328.ppm;852;476;893;609;159
00330.ppm;1050;313;1116;381;60
00333.ppm;116;414;176;477;35
00333.ppm;753;387;808;445;35
00334.ppm;1169;529;1200;625;159
00334.ppm;1235;534;1289;690;159
00334.ppm;1228;524;1252;609;159
00334.ppm;1140;524;1169;603;159
00334.ppm;1078;520;1098;592;159
00334.ppm;759;532;785;590;159
00334.ppm;467;587;593;599;162
00334.ppm;469;545;593;568;162
00334.ppm;244;584;339;599;162
00334.ppm;249;540;339;563;162
00334.ppm;680;528;706;630;159
00334.ppm;389;524;438;703;159
00334.ppm;514;197;699;364;138
00334.ppm;323;452;369;498;41
00334.ppm;760;435;797;472;60
00336.ppm;854;525;867;549;163
00336.ppm;788;483;809;497;138
00336.ppm;732;483;753;499;138
00337.ppm;901;408;932;438;36
00338.ppm;504;397;538;427;21
00338.ppm;505;425;536;453;60
00338.ppm;998;397;1031;426;21
00338.ppm;1000;426;1029;453;60
00339.ppm;976;458;1017;501;148
00339.ppm;619;439;669;492;106
00339.ppm;433;529;491;547;139
00339.ppm;96;514;152;530;139
00339.ppm;92;528;152;546;139
00339.ppm;107;544;139;557;139
00339.ppm;627;442;660;476;58
00339.ppm;969;414;1021;463;36
00340.ppm;827;543;851;567;35
00340.ppm;827;521;852;546;84
00340.ppm;827;543;851;567;35
00341.ppm;599;610;624;636;138
00341.ppm;533;610;591;635;138
00341.ppm;791;552;836;583;138
00341.ppm;923;465;997;533;34
00343.ppm;778;512;799;537;76
00343.ppm;802;531;829;558;41
00343.ppm;483;507;512;536;41
00344.ppm;274;547;299;565;139
00344.ppm;273;529;298;548;139
00344.ppm;609;554;629;569;139
00344.ppm;817;493;875;549;148
00344.ppm;799;413;879;494;36
00346.ppm;744;527;778;555;138
00346.ppm;291;541;321;571;63
00346.ppm;883;542;911;570;63
00347.ppm;572;552;634;573;138
00347.ppm;623;589;639;616;163
00347.ppm;913;545;970;597;32
00348.ppm;955;564;995;603;158
00348.ppm;952;524;990;562;63
00349.ppm;1245;535;1308;568;157
00349.ppm;57;513;115;543;157
00349.ppm;53;455;114;514;54
00349.ppm;1244;465;1312;534;54
00350.ppm;1094;573;1126;588;157
00350.ppm;480;575;509;591;157
00350.ppm;475;543;508;576;54
00350.ppm;1092;542;1125;573;54
00351.ppm;509;560;538;591;158
00351.ppm;511;533;538;560;63
00352.ppm;969;549;996;576;70
00352.ppm;528;553;555;580;70
00353.ppm;460;581;479;592;157
00353.ppm;840;578;860;589;157
00353.ppm;836;554;860;578;54
00353.ppm;456;559;477;581;54
00354.ppm;710;460;800;530;138
00354.ppm;585;458;692;528;138
00355.ppm;596;586;624;597;138
00355.ppm;479;569;506;585;157
00355.ppm;474;537;507;570;54
00356.ppm;638;567;662;584;138
00356.ppm;727;548;781;575;138
00356.ppm;946;520;1004;573;32
00356.ppm;249;499;310;555;32
00357.ppm;1100;560;1131;575;157
00357.ppm;468;565;499;582;157
00357.ppm;1095;524;1130;560;54
00357.ppm;463;528;500;565;54
00358.ppm;656;560;695;589;138
00358.ppm;700;564;727;588;138
00358.ppm;1242;520;1297;613;144
00358.ppm;316;490;374;549;67
00359.ppm;879;559;903;583;67
00359.ppm;467;560;492;585;67
00360.ppm;651;550;717;574;138
00360.ppm;649;118;986;355;138
00360.ppm;1032;484;1076;528;67
00360.ppm;253;502;296;545;67
00362.ppm;853;544;924;597;138
00362.ppm;252;470;370;574;32
00363.ppm;760;581;769;598;144
00363.ppm;407;483;450;526;67
00363.ppm;409;525;453;568;54
00366.ppm;692;559;719;581;138
00366.ppm;658;559;688;580;138
00366.ppm;517;530;540;553;67
00366.ppm;518;553;541;576;54
00366.ppm;988;550;1014;573;67
00366.ppm;988;574;1015;597;54
00367.ppm;1171;443;1353;605;138
00367.ppm;768;550;823;597;138
00367.ppm;639;568;664;583;138
00367.ppm;1028;501;1068;541;67
00367.ppm;1028;542;1071;583;54
00367.ppm;230;488;274;530;67
00367.ppm;235;533;276;573;54
00368.ppm;382;460;431;510;67
00368.ppm;378;509;431;561;54
00369.ppm;521;544;542;564;67
00369.ppm;520;564;543;585;54
00369.ppm;874;532;895;551;67
00369.ppm;875;550;896;571;54
00370.ppm;739;459;825;520;138
00370.ppm;880;536;904;559;67
00370.ppm;880;558;907;584;54
00370.ppm;440;531;467;554;67
00370.ppm;442;553;468;578;54
00371.ppm;984;532;1018;577;139
00371.ppm;845;330;973;454;138
00371.ppm;595;334;805;461;138
00371.ppm;316;521;372;577;63
00372.ppm;611;504;740;542;138
00372.ppm;974;486;1017;529;62
00373.ppm;626;321;727;390;138
00373.ppm;358;326;567;401;138
00373.ppm;164;517;195;548;62
00373.ppm;819;511;853;545;62
00374.ppm;669;595;694;631;163
00374.ppm;730;526;802;549;139
00374.ppm;701;498;822;532;139
00374.ppm;999;527;1031;560;34
00374.ppm;671;563;696;589;36
00375.ppm;1229;521;1255;545;34
00376.ppm;987;551;1033;595;158
00376.ppm;274;529;303;561;158
00376.ppm;266;487;309;530;70
00376.ppm;989;510;1031;552;70
00377.ppm;756;516;803;599;138
00377.ppm;811;300;995;452;138
00377.ppm;1133;504;1172;543;67
00377.ppm;239;490;278;531;67
00377.ppm;1133;543;1172;582;54
00377.ppm;236;532;277;573;54
00378.ppm;886;508;926;559;138
00378.ppm;835;510;885;560;138
00378.ppm;23;362;142;480;54
00378.ppm;22;242;145;362;67
00379.ppm;186;458;232;504;67
00379.ppm;1064;488;1112;536;54
00379.ppm;185;503;232;550;54
00379.ppm;1062;442;1109;489;67
00380.ppm;551;559;575;583;54
00380.ppm;953;564;976;587;54
00380.ppm;952;540;975;563;67
00380.ppm;551;535;575;559;67
00382.ppm;445;490;485;530;67
00382.ppm;446;529;485;568;54
00382.ppm;1209;496;1248;535;67
00382.ppm;1211;533;1250;572;54
00383.ppm;798;559;859;598;138
00383.ppm;527;546;561;575;32
00383.ppm;988;542;1021;571;32
00384.ppm;726;580;737;597;138
00384.ppm;685;572;699;586;138
00384.ppm;663;574;680;585;138
00384.ppm;1208;543;1263;575;157
00384.ppm;1199;416;1263;480;67
00384.ppm;1202;479;1267;544;54
00385.ppm;731;550;788;577;138
00385.ppm;977;529;1016;568;67
00385.ppm;267;531;307;571;67
00386.ppm;747;569;771;585;138
00386.ppm;980;572;1000;584;157
00386.ppm;559;585;580;598;157
00386.ppm;555;561;580;586;54
00386.ppm;977;550;1000;573;54
00387.ppm;809;529;877;565;138
00387.ppm;411;499;477;563;32
00387.ppm;1185;484;1251;547;32
00388.ppm;1274;497;1346;561;34
00390.ppm;1223;539;1263;580;158
00390.ppm;461;550;501;590;158
00390.ppm;455;502;503;550;67
00390.ppm;1219;494;1265;541;67
00391.ppm;1260;502;1304;551;70
00391.ppm;198;508;247;558;70
00392.ppm;358;443;423;512;65
00393.ppm;278;484;373;571;12
00394.ppm;848;533;928;586;138
00395.ppm;904;554;943;595;158
00395.ppm;726;462;834;540;138
00395.ppm;200;560;243;605;158
00395.ppm;201;519;241;561;70
00395.ppm;903;519;938;555;70
00396.ppm;192;484;238;531;65
00396.ppm;998;468;1046;516;65
00397.ppm;949;559;983;593;54
00397.ppm;947;524;982;559;62
00398.ppm;769;517;796;540;21
00398.ppm;771;538;795;560;62
00398.ppm;772;558;796;582;54
00400.ppm;1236;480;1290;528;21
00401.ppm;420;496;461;537;62
00401.ppm;1122;497;1163;538;62
00402.ppm;1094;500;1132;538;72
00403.ppm;568;563;591;587;72
00403.ppm;940;558;966;584;72
00403.ppm;568;540;592;564;62
00403.ppm;939;532;965;559;62
00404.ppm;335;415;396;476;62
00404.ppm;1255;415;1312;472;62
00405.ppm;781;553;817;584;138
00405.ppm;1255;470;1309;525;62
00405.ppm;355;444;411;499;62
00405.ppm;1249;397;1317;470;36
00406.ppm;875;568;906;588;138
00406.ppm;520;554;551;581;31
00406.ppm;852;544;879;570;31
00406.ppm;1046;503;1097;551;32
00406.ppm;284;514;333;559;32
00408.ppm;1139;546;1207;575;158
00408.ppm;134;537;210;566;158
00408.ppm;128;463;212;539;31
00408.ppm;1132;479;1210;549;31
00409.ppm;703;522;741;539;138
00410.ppm;420;483;539;519;139
00410.ppm;367;615;423;671;86
00411.ppm;1129;553;1152;576;102
00411.ppm;814;555;840;583;102
00411.ppm;185;602;238;662;86
00411.ppm;110;557;139;588;40
00411.ppm;496;552;529;587;40
00412.ppm;758;575;773;598;141
00412.ppm;800;559;817;603;144
00412.ppm;1002;499;1047;545;65
00413.ppm;891;539;1028;582;139
00413.ppm;1038;480;1084;529;61
00414.ppm;1017;463;1097;592;140
00414.ppm;845;466;927;539;138
00414.ppm;1032;421;1078;468;61
00415.ppm;828;571;850;595;158
00415.ppm;747;522;888;564;138
00415.ppm;827;549;849;571;53
00416.ppm;752;597;759;629;159
00416.ppm;763;595;777;644;159
00416.ppm;900;590;934;718;159
00416.ppm;798;593;817;665;159
00416.ppm;888;461;1089;523;138
00416.ppm;813;505;851;543;61
00417.ppm;733;409;816;478;138
00417.ppm;506;417;713;495;138
00417.ppm;274;598;293;663;159
00417.ppm;48;539;112;577;158
00417.ppm;29;448;129;539;31
00418.ppm;790;563;828;594;138
00418.ppm;455;537;488;566;11
00418.ppm;460;563;482;585;67
00419.ppm;573;577;590;602;141
00419.ppm;758;574;776;598;141
00419.ppm;568;463;789;542;138
00419.ppm;979;489;1025;537;65
00420.ppm;871;534;889;551;138
00420.ppm;789;533;833;555;138
00420.ppm;487;402;692;516;138
00420.ppm;696;407;846;504;138
00420.ppm;828;542;851;565;61
00420.ppm;361;548;383;570;61
00421.ppm;946;554;976;581;34
00422.ppm;599;567;624;591;12
00423.ppm;1172;531;1236;568;146
00423.ppm;379;543;437;576;146
00423.ppm;365;469;451;547;20
00423.ppm;1151;445;1245;533;20
00424.ppm;771;551;807;595;138
00425.ppm;795;548;831;591;138
00425.ppm;302;503;342;543;63
00425.ppm;900;500;941;541;63
00425.ppm;302;543;342;583;54
00425.ppm;903;541;944;582;54
00426.ppm;1102;500;1182;545;146
00426.ppm;1077;391;1197;502;20
00427.ppm;653;557;671;588;140
00427.ppm;486;562;507;593;140
00427.ppm;750;466;809;526;138
00427.ppm;664;467;748;529;138
00427.ppm;294;383;388;479;63
00428.ppm;325;548;353;576;65
00428.ppm;937;543;966;572;65
00430.ppm;937;492;1011;598;141
00430.ppm;929;414;1008;488;34
00431.ppm;275;527;314;564;67
00431.ppm;1141;496;1179;536;67
00432.ppm;387;292;894;463;138
00432.ppm;237;560;263;586;67
00432.ppm;942;512;970;540;67
00433.ppm;1018;557;1032;582;140
00433.ppm;510;529;566;583;20
00434.ppm;145;282;290;549;140
00434.ppm;167;194;257;286;63
00435.ppm;835;564;865;595;158
00435.ppm;516;551;546;576;138
00435.ppm;834;535;862;564;53
00436.ppm;788;551;826;610;140
00436.ppm;794;531;816;553;63
00437.ppm;756;543;845;577;138
00438.ppm;148;603;175;691;159
00438.ppm;393;602;407;654;159
00438.ppm;474;602;486;642;159
00438.ppm;524;602;533;635;159
00438.ppm;1070;499;1119;604;144
00438.ppm;745;454;846;535;138
00438.ppm;533;559;554;580;71
00438.ppm;841;556;862;577;71
00439.ppm;1194;504;1251;564;67
00440.ppm;782;594;794;617;163
00440.ppm;781;577;832;595;139
00440.ppm;1243;492;1324;562;12
00441.ppm;1063;531;1112;580;67
00442.ppm;675;545;772;570;138
00443.ppm;817;550;847;578;31
00443.ppm;823;579;843;598;67
00443.ppm;470;551;502;578;31
00443.ppm;477;578;497;596;67
00444.ppm;379;528;427;573;0
00444.ppm;964;531;1009;573;0
00444.ppm;389;569;419;600;65
00444.ppm;972;572;1001;601;65
00445.ppm;1021;498;1066;544;63
00445.ppm;213;519;254;561;63
00446.ppm;401;507;441;544;40
00446.ppm;767;497;803;530;40
00446.ppm;774;568;807;601;86
00447.ppm;1182;418;1268;495;34
00448.ppm;581;598;602;620;86
00449.ppm;926;483;988;501;139
00449.ppm;212;468;254;507;34
00449.ppm;812;448;853;486;34
00450.ppm;1104;359;1181;429;23
00451.ppm;768;558;784;590;138
00451.ppm;863;530;897;550;155
00451.ppm;862;497;897;532;109
00451.ppm;1195;340;1311;407;155
00451.ppm;1191;232;1312;348;109
00451.ppm;790;558;819;585;23
00452.ppm;912;517;929;547;109
00452.ppm;876;543;914;578;20
00453.ppm;1215;332;1302;407;16
00453.ppm;895;497;922;524;23
00453.ppm;224;407;279;457;16
00455.ppm;1094;362;1184;442;23
00456.ppm;421;414;476;470;61
00457.ppm;1243;418;1301;475;60
00457.ppm;517;466;554;504;60
00458.ppm;452;505;502;518;139
00458.ppm;989;493;1018;525;36
00459.ppm;1236;415;1284;489;111
00459.ppm;877;515;912;548;20
00459.ppm;884;548;909;573;58
00460.ppm;829;456;859;484;36
00460.ppm;831;481;862;512;84
00461.ppm;222;600;263;724;159
00461.ppm;389;612;438;632;162
00461.ppm;365;601;393;691;159
00461.ppm;444;601;464;673;159
00461.ppm;525;604;541;656;159
00461.ppm;504;602;523;663;159
00461.ppm;1222;475;1256;520;111
00461.ppm;1231;264;1302;331;36
00463.ppm;555;628;585;659;86
00464.ppm;1225;575;1251;701;159
00464.ppm;1017;605;1221;645;162
00464.ppm;758;614;1003;648;162
00464.ppm;562;616;741;651;162
00464.ppm;511;591;541;711;159
00464.ppm;437;613;511;644;162
00464.ppm;344;608;431;636;162
00464.ppm;298;615;339;639;162
00464.ppm;275;595;299;683;159
00464.ppm;161;612;271;635;162
00464.ppm;15;612;69;631;162
00464.ppm;84;614;141;632;162
00464.ppm;141;598;160;667;159
00464.ppm;68;601;85;661;159
00464.ppm;338;482;412;502;139
00464.ppm;340;464;414;484;139
00465.ppm;930;602;950;691;159
00465.ppm;1013;625;1050;668;162
00465.ppm;1057;627;1152;679;162
00465.ppm;947;597;982;727;159
00465.ppm;1212;632;1358;712;162
00465.ppm;1150;587;1214;801;159
00465.ppm;1241;315;1331;395;34
00466.ppm;1215;399;1267;443;34
00466.ppm;514;468;548;497;34
00466.ppm;1226;440;1263;475;79
00466.ppm;519;494;543;518;85
00467.ppm;1132;501;1168;537;61
00468.ppm;827;539;860;596;138
00468.ppm;1128;506;1165;544;61
00469.ppm;937;453;963;466;158
00469.ppm;939;465;967;504;158
00469.ppm;934;416;962;454;111
00469.ppm;52;496;92;521;150
00469.ppm;50;458;95;498;109
00470.ppm;829;511;846;535;111
00470.ppm;823;489;847;513;58
00470.ppm;904;514;938;549;34
00470.ppm;1135;218;1248;331;36
00471.ppm;882;500;903;530;158
00471.ppm;882;463;902;491;111
00471.ppm;789;491;817;520;36
00472.ppm;874;481;942;504;139
00472.ppm;880;500;925;544;36
00473.ppm;1156;538;1189;557;157
00473.ppm;828;549;873;581;138
00473.ppm;777;551;817;583;138
00473.ppm;509;565;542;585;157
00473.ppm;507;532;540;565;54
00473.ppm;1152;506;1184;538;54
00474.ppm;847;575;866;592;138
00474.ppm;818;574;841;593;138
00474.ppm;1242;549;1274;581;65
00474.ppm;514;569;545;600;65
00475.ppm;824;560;864;583;138
00475.ppm;790;576;809;590;138
00475.ppm;1233;468;1310;543;65
00476.ppm;822;576;843;601;140
00476.ppm;733;552;771;570;138
00476.ppm;670;554;727;574;138
00476.ppm;163;518;199;555;65
00476.ppm;1152;523;1187;558;65
00477.ppm;758;571;792;587;138
00477.ppm;298;506;338;546;63
00478.ppm;921;470;963;512;63
00478.ppm;218;483;258;523;63
00479.ppm;1181;438;1284;507;104
00479.ppm;1112;584;1135;593;139
00479.ppm;1112;576;1135;585;139
00479.ppm;1101;592;1117;607;108
00479.ppm;989;483;1021;504;156
00479.ppm;580;537;615;569;108
00479.ppm;982;498;1025;539;34
00479.ppm;990;539;1020;569;89
00480.ppm;1055;444;1103;492;60
00481.ppm;910;532;943;552;158
00481.ppm;908;502;944;535;31
00482.ppm;799;604;828;647;163
00482.ppm;732;526;768;564;36
00482.ppm;260;528;296;570;40
00482.ppm;283;564;303;590;40
00482.ppm;1055;566;1071;587;34
00483.ppm;150;510;203;563;65
00483.ppm;1182;531;1232;583;65
00484.ppm;599;506;719;566;138
00484.ppm;339;509;372;542;49
00484.ppm;1002;529;1035;563;49
00485.ppm;677;561;702;580;138
00485.ppm;203;377;278;454;49
00486.ppm;860;584;873;611;144
00486.ppm;728;549;766;577;138
00486.ppm;410;519;465;574;65
00487.ppm;625;606;644;625;86
00488.ppm;790;561;811;581;109
00488.ppm;494;611;516;633;86
00489.ppm;826;560;853;588;138
00490.ppm;1036;70;1359;387;138
00490.ppm;842;516;870;539;34
00490.ppm;644;596;668;620;86
00490.ppm;847;536;867;556;89
00491.ppm;430;568;488;637;86
00492.ppm;903;561;916;573;76
00492.ppm;893;528;923;557;23
00493.ppm;927;496;953;513;158
00493.ppm;910;450;966;501;31
00494.ppm;1113;300;1211;395;58
00495.ppm;784;565;818;611;138
00496.ppm;730;573;788;584;138
00496.ppm;827;524;870;603;138
00496.ppm;999;314;1174;459;138
00496.ppm;511;494;552;536;67
00496.ppm;509;535;550;576;54
00497.ppm;354;549;371;568;92
00497.ppm;384;510;433;559;108
00497.ppm;477;346;582;378;139
00497.ppm;478;374;583;406;139
00497.ppm;478;401;585;432;139
00497.ppm;478;429;585;459;139
00497.ppm;479;457;585;487;139
00497.ppm;489;489;564;512;139
00497.ppm;1023;462;1076;520;108
00497.ppm;392;611;425;651;86
00498.ppm;255;633;299;693;159
00498.ppm;249;586;298;634;86
00498.ppm;248;482;292;526;40
00499.ppm;1009;497;1056;539;34
00500.ppm;952;499;1000;546;63
00501.ppm;1037;552;1059;583;139
00501.ppm;943;557;962;577;62
00501.ppm;610;558;628;577;62
00501.ppm;120;282;227;386;40
00501.ppm;107;637;216;748;86
00502.ppm;543;509;609;528;139
00502.ppm;544;492;623;511;139
00502.ppm;562;610;591;654;159
00502.ppm;57;556;85;584;40
00502.ppm;579;555;606;582;40
00502.ppm;558;577;592;611;86
00503.ppm;354;579;423;650;86
00504.ppm;379;595;410;627;86
00505.ppm;1052;480;1092;521;36
00507.ppm;836;548;875;558;139
00507.ppm;836;539;876;548;139
00507.ppm;878;473;933;524;23
00507.ppm;657;587;673;605;86
00508.ppm;865;495;908;534;23
00509.ppm;833;487;877;527;23
00511.ppm;888;563;919;587;138
00512.ppm;540;547;577;592;138
00512.ppm;230;486;270;522;63
00512.ppm;1139;490;1179;530;63
00513.ppm;837;543;869;574;138
00513.ppm;799;545;837;575;138
00513.ppm;142;501;197;556;65
00514.ppm;381;511;418;548;54
00514.ppm;1168;491;1206;530;54
00515.ppm;257;361;333;435;61
00516.ppm;240;275;298;333;85
00517.ppm;783;563;814;585;138
00517.ppm;278;495;349;540;157
00517.ppm;271;422;345;496;54
00518.ppm;451;526;499;574;65
00519.ppm;788;520;858;564;138
00519.ppm;454;531;507;584;65
00520.ppm;713;561;774;589;138
00520.ppm;380;507;436;565;54
00521.ppm;679;568;739;590;138
00521.ppm;377;574;405;604;65
00521.ppm;946;565;976;595;65
00522.ppm;705;368;1007;482;138
00523.ppm;1289;554;1337;580;157
00523.ppm;963;526;1014;574;138
00523.ppm;458;562;504;588;157
00523.ppm;1285;512;1330;555;54
00523.ppm;455;515;502;562;54
00524.ppm;711;581;733;602;138
00524.ppm;187;530;241;584;65
00524.ppm;1219;528;1271;580;65
00527.ppm;767;510;774;528;159
00527.ppm;780;511;790;534;159
00527.ppm;817;509;831;543;159
00527.ppm;844;511;859;551;159
00527.ppm;985;513;1006;581;159
00527.ppm;909;480;1012;530;104
00527.ppm;873;456;904;474;157
00527.ppm;362;450;392;468;157
00527.ppm;874;426;904;456;54
00527.ppm;359;420;389;450;54
00528.ppm;896;455;925;475;138
00528.ppm;973;384;1048;475;141
00528.ppm;985;339;1026;380;65
00528.ppm;166;415;205;455;65
00529.ppm;1135;421;1173;468;140
00530.ppm;1011;433;1047;452;157
00530.ppm;821;474;831;487;109
00530.ppm;426;435;460;455;157
00530.ppm;425;401;460;435;54
00530.ppm;1010;401;1043;434;54
00531.ppm;912;452;932;464;157
00531.ppm;648;433;693;451;138
00531.ppm;485;463;507;474;157
00531.ppm;484;443;504;463;54
00531.ppm;909;431;931;453;54
00535.ppm;672;410;758;489;138
00536.ppm;841;461;868;470;139
00536.ppm;947;436;964;453;90
00536.ppm;27;428;57;458;40
00536.ppm;327;452;353;478;40
00536.ppm;724;479;740;495;86
00542.ppm;857;428;925;446;139
00542.ppm;828;491;842;513;163
00542.ppm;842;440;866;464;36
00543.ppm;1117;124;1178;221;111
00544.ppm;1120;466;1178;546;163
00544.ppm;919;455;936;473;76
00544.ppm;1015;405;1033;428;109
00544.ppm;1054;297;1122;358;23
00544.ppm;990;425;1028;459;20
00544.ppm;744;438;762;458;58
00545.ppm;500;478;514;495;109
00545.ppm;365;442;386;464;76
00545.ppm;220;472;244;493;158
00545.ppm;204;356;253;437;109
00545.ppm;213;435;247;474;41
00548.ppm;744;453;767;484;665
00548.ppm;676;508;684;518;79
00548.ppm;775;432;811;468;35
00548.ppm;782;469;807;494;82
00549.ppm;619;409;662;455;138
00549.ppm;546;406;606;454;138
00550.ppm;334;505;349;521;161
00550.ppm;493;504;510;521;161
00550.ppm;635;502;653;522;161
00550.ppm;747;499;771;524;161
00550.ppm;886;495;917;529;161
00550.ppm;1137;486;1192;538;161
00551.ppm;804;519;819;549;144
00551.ppm;702;490;740;523;138
00551.ppm;937;465;966;493;49
00552.ppm;716;481;758;517;138
00552.ppm;537;512;554;529;67
00552.ppm;538;528;554;544;54
00552.ppm;814;508;832;526;67
00552.ppm;815;525;831;541;54
00553.ppm;940;120;1195;540;138
00554.ppm;824;527;834;548;144
00554.ppm;764;529;781;543;138
00554.ppm;804;525;819;544;138
00554.ppm;947;472;984;507;31
00556.ppm;1203;555;1250;635;159
00556.ppm;1195;499;1253;557;86
00557.ppm;273;462;317;502;12
00557.ppm;458;461;506;508;34
00560.ppm;999;229;1139;394;141
00560.ppm;1039;173;1099;233;61
00564.ppm;755;368;799;408;23
00565.ppm;1049;165;1128;238;109
00565.ppm;1051;235;1133;314;157
00565.ppm;1066;312;1119;341;150
00565.ppm;731;336;764;370;36
00566.ppm;655;395;689;429;53
00566.ppm;124;419;156;451;53
00566.ppm;461;489;481;508;86
00567.ppm;916;451;934;463;158
00567.ppm;915;435;934;453;76
00567.ppm;1050;409;1109;460;11
00569.ppm;750;438;762;451;93
00569.ppm;707;414;739;435;139
00570.ppm;881;416;914;449;53
00571.ppm;530;333;626;423;138
00571.ppm;602;306;624;335;139
00571.ppm;1287;361;1308;384;40
00575.ppm;649;439;674;473;115
00575.ppm;651;430;667;440;158
00575.ppm;650;415;667;431;76
00575.ppm;403;474;435;506;86
00579.ppm;127;515;145;539;144
00579.ppm;176;509;198;545;140
00579.ppm;126;534;176;700;159
00579.ppm;18;539;93;783;159
00579.ppm;1167;502;1238;796;159
00581.ppm;965;472;1006;543;144
00581.ppm;723;468;771;510;138
00581.ppm;663;470;716;511;138
00583.ppm;927;201;963;282;138
00583.ppm;885;215;926;293;138
00583.ppm;638;484;666;501;138
00583.ppm;695;339;778;404;138
00583.ppm;604;343;677;408;138
00587.ppm;485;533;494;566;159
00587.ppm;317;536;336;600;159
00587.ppm;32;546;67;655;159
00589.ppm;42;477;74;514;160
00589.ppm;94;472;119;500;160
00589.ppm;222;469;237;487;160
00589.ppm;172;470;189;491;160
00589.ppm;233;489;288;651;159
00589.ppm;335;497;363;584;159
00589.ppm;358;487;368;518;159
00589.ppm;422;489;429;513;159
00589.ppm;444;480;455;493;160
00589.ppm;387;477;400;490;160
00589.ppm;963;479;1020;531;161
00589.ppm;760;492;795;528;161
00589.ppm;646;495;671;523;161
00593.ppm;584;510;608;534;86
00599.ppm;700;454;722;476;53